                                |                 |                 |                 |                 |                 |                 |                 |                 |                 |        6        |
                                |                 |                 |        2        |                 |                 |                 |                 |                 |                 |        6        |
                                |  2     2        |                 |        2     7  |                 |        3        |           3     |           2     |     3           |                 |        6        |
                                |  2  2  2  2     |                 |        2     7  |     4           |        3        |        2  3     |           2     |     3           |        1        |     7  6        |
                                |  2  2  2  2  2  |  1              |     9  2  1  7  |     4        3  |  5  5  3        |  2     2  3  3  |     2  3  2  4  |     3  2        |  5     1     2  |  8  7  6        |
                                |  2  2  2  2  2  |  1        4  3  |     9  2  1  7  |     4  2     3  |  5  5  3        |  2  2  2  3  3  |     2  3  2  4  |     3  2        |  5  8  1  1  2  |  8  7  6  6  6  |
                                |  2  2  2  2  2  |  1  8  4  4  3  |  5  9  2  1  7  |     4  2     3  |  5  5  3  3     |  2  2  2  3  3  |  4  2  3  2  4  |  1  3  2     3  |  5  8  1  1  2  |  8  7  6  6  6  |
                                |  2  2  2  2  2  |  1  8  4  4  3  |  5  9  2  1  7  |     4  2  2  3  |  5  5  3  3  7  |  2  2  2  3  3  |  4  2  3  2  4  |  1  3  2  2  3  |  5  8  1  1  2  |  8  7  6  6  6  |
                                |  2  2  2  2  2  |  1  8  4  4  3  |  5  9  2  1  7  | 15  4  2  2  3  |  5  5  3  3  7  |  2  2  2  3  3  |  4  2  3  2  4  |  1  3  2  2  3  |  5  8  1  1  2  |  8  7  6  6  6  |
                                |  2  2  2  2  2  |  1  8  4  4  3  |  5  9  2  1  7  | 15  4  2  2  3  |  5  5  3  3  7  |  2  2  2  3  3  |  4  2  3  2  4  |  1  3  2  2  3  |  5  8  1  1  2  |  8  7  6  6  6  |
                                |  2  2  2  2  2  |  1  8  4  4  3  |  5  9  2  1  7  | 15  4  2  2  3  |  5  5  3  3  7  |  2  2  2  3  3  |  4  2  3  2  4  |  1  3  2  2  3  |  5  8  1  1  2  |  8  7  6  6  6  |
----------------------------------------------------------------------------------------------------------------------------------------------------------------------------------------------------------------------
  5  5  5  5  5  5  5  5  5  5  |                 |                 |                 |                 |                 |                 |                 |                 |                 |                 |
           6  6  6  6  6  6  6  |                 |                 |                 |                 |                 |                 |                 |                 |                 |                 |
           5  5  5  5  5  5  5  |                 |                 |                 |                 |                 |                 |                 |                 |                 |                 |
          10 10 10 10 10 10 10  |                 |                 |                 |                 |                 |                 |                 |                 |                 |                 |
           7  7  7  7  7  7  7  |                 |                 |                 |                 |                 |                 |                 |                 |                 |                 |
----------------------------------------------------------------------------------------------------------------------------------------------------------------------------------------------------------------------
        4  4  4  4  4  4  4  4  |                 |                 |                 |                 |                 |                 |                 |                 |                 |                 |
           3  3  3  3  3  3  3  |                 |                 |                 |                 |                 |                 |                 |                 |                 |                 |
                 6  6  6  6  6  |                 |                 |                 |                 |                 |                 |                 |                 |                 |                 |
                   16 16 16 16  |                 |                 |                 |                 |                 |                 |                 |                 |                 |                 |
              5  5  5  5  5  5  |                 |                 |                 |                 |                 |                 |                 |                 |                 |                 |
----------------------------------------------------------------------------------------------------------------------------------------------------------------------------------------------------------------------
                    2  2  2  2  |                 |                 |                 |                 |                 |                 |                 |                 |                 |                 |
           4  4  4  4  4  4  4  |                 |                 |                 |                 |                 |                 |                 |                 |                 |                 |
                 2  2  2  2  2  |                 |                 |                 |                 |                 |                 |                 |                 |                 |                 |
                 2  2  2  2  2  |                 |                 |                 |                 |                 |                 |                 |                 |                 |                 |
              3  3  3  3  3  3  |                 |                 |                 |                 |                 |                 |                 |                 |                 |                 |
----------------------------------------------------------------------------------------------------------------------------------------------------------------------------------------------------------------------
  6  6  6  6  6  6  6  6  6  6  |                 |                 |                 |                 |                 |                 |                 |                 |                 |                 |
           1  1  1  1  1  1  1  |                 |                 |                 |                 |                 |                 |                 |                 |                 |                 |
           9  9  9  9  9  9  9  |                 |                 |                 |                 |                 |                 |                 |                 |                 |                 |
        7  7  7  7  7  7  7  7  |                 |                 |                 |                 |                 |                 |                 |                 |                 |                 |
        2  2  2  2  2  2  2  2  |                 |                 |                 |                 |                 |                 |                 |                 |                 |                 |
----------------------------------------------------------------------------------------------------------------------------------------------------------------------------------------------------------------------
                 2  2  2  2  2  |                 |                 |                 |                 |                 |                 |                 |                 |                 |                 |
                   13 13 13 13  |                 |                 |                 |                 |                 |                 |                 |                 |                 |                 |
          12 12 12 12 12 12 12  |                 |                 |                 |                 |                 |                 |                 |                 |                 |                 |
                10 10 10 10 10  |                 |                 |                 |                 |                 |                 |                 |                 |                 |                 |
        1  1  1  1  1  1  1  1  |                 |                 |                 |                 |                 |                 |                 |                 |                 |                 |
----------------------------------------------------------------------------------------------------------------------------------------------------------------------------------------------------------------------
              7  7  7  7  7  7  |                 |                 |                 |                 |                 |                 |                 |                 |                 |                 |
           7  7  7  7  7  7  7  |                 |                 |                 |                 |                 |                 |                 |                 |                 |                 |
     3  3  3  3  3  3  3  3  3  |                 |                 |                 |                 |                 |                 |                 |                 |                 |                 |
        1  1  1  1  1  1  1  1  |                 |                 |                 |                 |                 |                 |                 |                 |                 |                 |
              3  3  3  3  3  3  |                 |                 |                 |                 |                 |                 |                 |                 |                 |                 |
----------------------------------------------------------------------------------------------------------------------------------------------------------------------------------------------------------------------
     1  1  1  1  1  1  1  1  1  |                 |                 |                 |                 |                 |                 |                 |                 |                 |                 |
             13 13 13 13 13 13  |                 |                 |                 |                 |                 |                 |                 |                 |                 |                 |
                   14 14 14 14  |                 |                 |                 |                 |                 |                 |                 |                 |                 |                 |
                   13 13 13 13  |                 |                 |                 |                 |                 |                 |                 |                 |                 |                 |
     1  1  1  1  1  1  1  1  1  |                 |                 |                 |                 |                 |                 |                 |                 |                 |                 |
----------------------------------------------------------------------------------------------------------------------------------------------------------------------------------------------------------------------
     2  2  2  2  2  2  2  2  2  |                 |                 |                 |                 |                 |                 |                 |                 |                 |                 |
           1  1  1  1  1  1  1  |                 |                 |                 |                 |                 |                 |                 |                 |                 |                 |
           2  2  2  2  2  2  2  |                 |                 |                 |                 |                 |                 |                 |                 |                 |                 |
     5  5  5  5  5  5  5  5  5  |                 |                 |                 |                 |                 |                 |                 |                 |                 |                 |
     3  3  3  3  3  3  3  3  3  |                 |                 |                 |                 |                 |                 |                 |                 |                 |                 |
----------------------------------------------------------------------------------------------------------------------------------------------------------------------------------------------------------------------
        3  3  3  3  3  3  3  3  |                 |                 |                 |                 |                 |                 |                 |                 |                 |                 |
           3  3  3  3  3  3  3  |                 |                 |                 |                 |                 |                 |                 |                 |                 |                 |
                 2  2  2  2  2  |                 |                 |                 |                 |                 |                 |                 |                 |                 |                 |
                    1  1  1  1  |                 |                 |                 |                 |                 |                 |                 |                 |                 |                 |
                 5  5  5  5  5  |                 |                 |                 |                 |                 |                 |                 |                 |                 |                 |
----------------------------------------------------------------------------------------------------------------------------------------------------------------------------------------------------------------------
        3  3  3  3  3  3  3  3  |                 |                 |                 |                 |                 |                 |                 |                 |                 |                 |
              3  3  3  3  3  3  |                 |                 |                 |                 |                 |                 |                 |                 |                 |                 |
  1  1  1  1  1  1  1  1  1  1  |                 |                 |                 |                 |                 |                 |                 |                 |                 |                 |
           1  1  1  1  1  1  1  |                 |                 |                 |                 |                 |                 |                 |                 |                 |                 |
     1  1  1  1  1  1  1  1  1  |                 |                 |                 |                 |                 |                 |                 |                 |                 |                 |
----------------------------------------------------------------------------------------------------------------------------------------------------------------------------------------------------------------------
